000001|T0017001019011000000655|110416|30083|0005216493|0000045161|00000900|00000144|0000046205|1004
000002|T0017001019011000000594|110416|30083|0005219286|0000056450|00000900|00000144|0000057494|1015
000003|T0017001016031000002124|110416|30028|0005221060|0000042668|00000900|00000144|0000043712|1023
000004|T0017001049031000003044|110416|11060|0005221290|0000025602|00000900|00000144|0000026646|1024
000005|T0017001018011000000548|110416|30012|0005221343|0000045161|00000900|00000144|0000046205|1024
000006|T0017001016031000002176|110416|30028|0005221620|0000035076|00000900|00000144|0000036120|1025
000007|T0017001049031000003046|110416|11060|0005221729|0000025602|00000900|00000144|0000026646|1025
000008|T0017001049031000003047|110416|11060|0005222194|0000025602|00000900|00000144|0000026646|1027
000009|T0017001011031000000927|110416|19019|0005222712|0000042900|00000900|00000144|0000043944|1029
000010|T0017001053031000001301|110416|11026|0005222849|0000034200|00000900|00000144|0000035244|1030
000011|T0017001018011000000550|110416|30012|0005227481|0000056450|00000900|00000144|0000057494|1049
000012|T0017001009031000002901|110416|19005|0005228193|0000025602|00000900|00000144|0000026646|1051
000013|T0017001016031000002126|110416|30028|0005230603|0000025600|00000900|00000144|0000026644|1101
000014|T0017001049031000003043|110416|11060|0005230756|0000025602|00000900|00000144|0000026646|1102
000015|T0017001049031000003045|110416|11060|0005231217|0000025602|00000900|00000144|0000026646|1103
000016|T0017001016031000002131|110416|30028|0005231542|0000025602|00000900|00000144|0000026646|1105
000017|T0017001053031000001231|110416|11026|0005232726|0000034200|00000900|00000144|0000035244|1109
000018|T0017001016031000002080|110416|30028|0005233248|0000042668|00000900|00000144|0000043712|1111
000019|T0017001019011000000293|110416|30083|0005235951|0000056450|00000900|00000144|0000057494|1122
000020|T0017001018011000000227|110416|30012|0005237352|0000056450|00000900|00000144|0000057494|1127
000021|T0017001049031000003176|110416|11017|0005237561|0000034135|00000900|00000144|0000035179|1128
000022|T0017001016031000002077|110416|30028|0005238354|0000042668|00000900|00000144|0000043712|1131
000023|T0017001016031000002078|110416|30028|0005238884|0000042668|00000900|00000144|0000043712|1133
000024|T0017001016031000002082|110416|30028|0005239832|0000042668|00000900|00000144|0000043712|1137
000025|T0017001016031000002175|110416|30028|0005240675|0000035076|00000900|00000144|0000036120|1140
000026|T0017001054031000000803|110416|11008|0005242312|0000047700|00000900|00000144|0000048744|1146
000027|T0017001018011000000475|110416|30012|0005242491|0000129838|00000900|00000144|0000130882|1147
000028|T0017001016031000002177|110416|30028|0005242799|0000026306|00000900|00000144|0000027350|1148
000029|T0017001016031000002178|110416|30028|0005243226|0000043844|00000900|00000144|0000044888|1150
000030|T0017001047031000002900|110416|30117|0005245808|0000025602|00000900|00000144|0000026646|1200
000031|T0017001016031000002075|110416|30028|0005246761|0000042668|00000900|00000144|0000043712|1203
000032|T0017001018011000000168|110416|30012|0005247487|0000550000|00000900|00000144|0000551044|1206
000033|T0017001016031000002122|110416|30028|0005248010|0000042668|00000900|00000144|0000043712|1208
000034|T0017001016031000002121|110416|30028|0005248834|0000025602|00000900|00000144|0000026646|1212
000035|T0017001016031000002125|110416|30028|0005249202|0000042668|00000900|00000144|0000043712|1213
000036|T0017001018011000000642|110416|30012|0005251300|0000084678|00000900|00000144|0000085722|1221
000037|T0017001043031000002354|110416|11039|0005252358|0000042668|00000900|00000144|0000043712|1226
000038|T0017001043031000002591|110416|11039|0005254181|0000025602|00000900|00000144|0000026646|1233
000039|T0017001054031000000822|110416|11024|0005255852|0000042668|00000900|00000144|0000043712|1240
000040|T0017001019011000000176|110416|30007|0005257537|0000039600|00000900|00000144|0000040644|1246
000041|T0017001016031000002173|110416|30028|0005257790|0000035076|00000900|00000144|0000036120|1247
000042|T0017001016031000002174|110416|30028|0005258916|0000043844|00000900|00000144|0000044888|1252
000043|T0017001019011000000666|110416|30083|0005260817|0000084678|00000900|00000144|0000085722|1259
000044|T0017001019011000000444|110416|30083|0005261250|0000056450|00000900|00000144|0000057494|1301
000045|T0017001019011000000472|110416|30083|0005262312|0000058000|00000900|00000144|0000059044|1305
000046|T0017001049031000003220|110416|11003|0005208312|0000031288|00000900|00000144|0000032332|0926
000047|T0017001018011000000659|110416|30012|0005265503|0000073386|00000900|00000144|0000074430|1319
000048|T0017001043031000002305|110416|11039|0005291206|0000046935|00000900|00000144|0000047979|1842
000049|T0017001018011000000484|110416|30012|0005265960|0000079032|00000900|00000144|0000080076|1321
000050|T0017001043031000002619|110416|11039|0005268399|0000025602|00000900|00000144|0000026646|1331
000051|T0017001013031000003938|110416|20101|0005268505|0000077657|00000900|00000144|0000078701|1332
000052|T0017001043031000002619|110416|11039|0005268662|0000025602|00000900|00000144|0000026646|1332
000053|T0017001013031000003941|110416|20101|0005268668|0000046935|00000900|00000144|0000047979|1332
000054|T0017001013031000003939|110416|20101|0005268796|0000025602|00000900|00000144|0000026646|1333
000055|T0017001016031000002127|110416|30028|0005271549|0000042668|00000900|00000144|0000043712|1345
000056|T0017001049031000003040|110416|11060|0005272750|0000025602|00000900|00000144|0000026646|1350
000057|T0017001057031000000060|110416|17010|0005273127|0000025700|00000900|00000144|0000026744|1352
000058|T0017001043031000002407|110416|11048|0005273156|0000025602|00000900|00000144|0000026646|1352
000059|T0017001050031000001991|110416|15036|0005274003|0000042668|00000900|00000144|0000043712|1356
000060|T0017001018011000000359|110416|30012|0005275015|0000084678|00000900|00000144|0000085722|1401
000061|T0017001003031000002247|110416|01012|0005275118|0000024706|00000900|00000144|0000025750|1402
000062|T0017001003031000002252|110416|01012|0005275332|0000037058|00000900|00000144|0000038102|1403
000063|T0017001003031000002253|110416|01012|0005275724|0000032940|00000900|00000144|0000033984|1404
000064|T0017001003031000002248|110416|01012|0005275905|0000024706|00000900|00000144|0000025750|1405
000065|T0017001003031000002245|110416|01012|0005276446|0000041176|00000900|00000144|0000042220|1408
000066|T0017001016031000002123|110416|30028|0005276478|0000042668|00000900|00000144|0000043712|1408
000067|T0017001019031000002159|110416|30083|0005276560|0000025602|00000900|00000144|0000026646|1409
000068|T0017001019031000002160|110416|30083|0005276707|0000025602|00000900|00000144|0000026646|1409
000069|T0017001003031000002251|110416|01012|0005276777|0000032940|00000900|00000144|0000033984|1410
000070|T0017001003031000002246|110416|01012|0005277021|0000037058|00000900|00000144|0000038102|1411
000071|T0017001003031000002244|110416|01012|0005277253|0000032940|00000900|00000144|0000033984|1412
000072|T0017001003031000002249|110416|01012|0005277451|0000032940|00000900|00000144|0000033984|1413
000073|T0017001019031000002187|110416|30083|0005277991|0000025602|00000900|00000144|0000026646|1416
000074|T0017001019031000002188|110416|30083|0005278446|0000051204|00000900|00000144|0000052248|1418
000075|T0017001019031000002190|110416|30083|0005278912|0000025602|00000900|00000144|0000026646|1420
000076|T0017001019031000002234|110416|30083|0005281508|0000042668|00000900|00000144|0000043712|1434
000077|T0017001019031000002232|110416|30083|0005281795|0000042668|00000900|00000144|0000043712|1436
000078|T0017001018011000000660|110416|30012|0005281804|0000112901|00000900|00000144|0000113945|1436
000079|T0017001019031000002183|110416|30083|0005282261|0000025602|00000900|00000144|0000026646|1439
000080|T0017001019031000002186|110416|30083|0005282496|0000025602|00000900|00000144|0000026646|1440
000081|T0017001016031000002076|110416|30028|0005282961|0000025602|00000900|00000144|0000026646|1443
000082|T0017001043031000002307|110416|11039|0005285821|0000044376|00000900|00000144|0000045420|1505
000083|T0017001043031000002303|110416|11039|0005285973|0000055470|00000900|00000144|0000056514|1507
000084|T0017001018011000000424|110416|30012|0005286004|0000084700|00000900|00000144|0000085744|1507
000085|T0017001019011000000238|110416|30083|0005286279|0000056450|00000900|00000144|0000057494|1511
000086|T0017001019011000000478|110416|30007|0005287021|0000056450|00000900|00000144|0000057494|1523
000087|T0017001019011000000438|110416|30007|0005287120|0000095968|00000900|00000144|0000097012|1525
000088|T0017001019011000000436|110416|30007|0005287189|0000095968|00000900|00000144|0000097012|1526
000089|T0017001019011000000441|110416|30007|0005287229|0000095968|00000900|00000144|0000097012|1527
000090|T0017001013031000003936|110416|20101|0005288106|0000034135|00000900|00000144|0000035179|1548
000091|T0017001013031000003940|110416|20101|0005288124|0000054616|00000900|00000144|0000055660|1548
000092|T0017001044031000003955|110416|20058|0005289705|0000030600|00000900|00000144|0000031644|1644
000093|T0017001043031000002308|110416|11039|0005290885|0000077657|00000900|00000144|0000078701|1804
000094|T0017001043031000002302|110416|11039|0005291190|0000077657|00000900|00000144|0000078701|1839